-4.597279 -5.144271 -4.794474
-3.804265 -4.341016 -4.123803
-3.600811 -4.046872 -3.809216
-3.388522 -3.748004 -3.458594
-3.123157 -3.560684 -3.304690
-2.896356 -3.382342 -3.159519
-2.802237 -3.294614 -3.104084
-2.709647 -3.218754 -3.018271
-2.619859 -3.115338 -2.926066
-2.554039 -3.002620 -2.821306
-2.493626 -2.886313 -2.727898
-2.446121 -2.791933 -2.629612
-2.397398 -2.704831 -2.533028
-2.355300 -2.622064 -2.431914
-2.305985 -2.546303 -2.345363
-2.264171 -2.471420 -2.266890
-2.216267 -2.416019 -2.207721
-2.177255 -2.378171 -2.170528
-2.124672 -2.341389 -2.140719
-2.062433 -2.301844 -2.101025
-1.993490 -2.257849 -2.071414
-1.936911 -2.210793 -2.035430
-1.891870 -2.176317 -2.002231
-1.858818 -2.140640 -1.967478
-1.821712 -2.107580 -1.935851
-1.781150 -2.068767 -1.900059
-1.741585 -2.026048 -1.857125
-1.703540 -1.985221 -1.820169
-1.673251 -1.951586 -1.781091
-1.641256 -1.913418 -1.743061
-1.605201 -1.868996 -1.710829
-1.569643 -1.835506 -1.684785
-1.538536 -1.801671 -1.649080
-1.513491 -1.769691 -1.623306
-1.487891 -1.733540 -1.598683
-1.466975 -1.708665 -1.568914
-1.440829 -1.672779 -1.542219
-1.425422 -1.640470 -1.509194
-1.407458 -1.617645 -1.480747
-1.382199 -1.595549 -1.452267
-1.367071 -1.573538 -1.429782
-1.351008 -1.553978 -1.399450
-1.335217 -1.526293 -1.374234
-1.324329 -1.496635 -1.351107
-1.297737 -1.467711 -1.319050
-1.280333 -1.449366 -1.299470
-1.263481 -1.423172 -1.273702
-1.241409 -1.402368 -1.252644
-1.226410 -1.381308 -1.229571
-1.209988 -1.344787 -1.213672
-1.192111 -1.321522 -1.187947
-1.178383 -1.310406 -1.188769
-1.163616 -1.284084 -1.165058
-1.147464 -1.269536 -1.145719
-1.125056 -1.250972 -1.130511
-1.111466 -1.222261 -1.115997
-1.095631 -1.196946 -1.091480
-1.080345 -1.177321 -1.076141
-1.056966 -1.156552 -1.062233
-1.040505 -1.129830 -1.056630
-1.014584 -1.117075 -1.042228
-0.993054 -1.103567 -1.024456
-0.961091 -1.096476 -1.021566
-0.948302 -1.095261 -1.004984
-0.941568 -1.095497 -0.991090
-0.922241 -1.077359 -0.979509
-0.909394 -1.063431 -0.970202
-0.899345 -1.047745 -0.956509
-0.892754 -1.032900 -0.938459
-0.895882 -1.012910 -0.925371
-0.881212 -0.990158 -0.897323
-0.879382 -0.972375 -0.887369
-0.857959 -0.951787 -0.872361
-0.848678 -0.931430 -0.849964
-0.855223 -0.913534 -0.835541
-0.844537 -0.895315 -0.819606
-0.829657 -0.874577 -0.801304
-0.809801 -0.857989 -0.783094
-0.793797 -0.837000 -0.767350
-0.774024 -0.817178 -0.759960
-0.750987 -0.798972 -0.739411
-0.729187 -0.776475 -0.721483
-0.712723 -0.757252 -0.713757
-0.684662 -0.737319 -0.692386
-0.669504 -0.719823 -0.681120
-0.653407 -0.700719 -0.665297
-0.635170 -0.681336 -0.647728
-0.609336 -0.664263 -0.633669
-0.593294 -0.644637 -0.622333
-0.577759 -0.627717 -0.605358
-0.557318 -0.605595 -0.588949
-0.537925 -0.590317 -0.574206
-0.523182 -0.571757 -0.555260
-0.502005 -0.559294 -0.529918
-0.484104 -0.548771 -0.515925
-0.473147 -0.525680 -0.504688
-0.461614 -0.509780 -0.488521
-0.449988 -0.490528 -0.473439
-0.438588 -0.470010 -0.450224
-0.424310 -0.447724 -0.431184
-0.410589 -0.430806 -0.418714
-0.396860 -0.414035 -0.402559
-0.384100 -0.394743 -0.383571
-0.364063 -0.375302 -0.357892
-0.353154 -0.359588 -0.337025
-0.341305 -0.344629 -0.323684
-0.324316 -0.326578 -0.309487
-0.312192 -0.308031 -0.291826
-0.289535 -0.289322 -0.275432
-0.276600 -0.276394 -0.253755
-0.255636 -0.258785 -0.240945
-0.241325 -0.246661 -0.220782
-0.232324 -0.229824 -0.208807
-0.209833 -0.211942 -0.186440
-0.198046 -0.196209 -0.171345
-0.180027 -0.180289 -0.158660
-0.166357 -0.168566 -0.141114
-0.150983 -0.155405 -0.130584
-0.141380 -0.141606 -0.116469
-0.123012 -0.125851 -0.104851
-0.109435 -0.113945 -0.087211
-0.098604 -0.095428 -0.076127
-0.077513 -0.082599 -0.067264
-0.067966 -0.069829 -0.054107
-0.051872 -0.054823 -0.045741
-0.043712 -0.042857 -0.035818
-0.027203 -0.028460 -0.023591
-0.018734 -0.018596 -0.010679
0.000000 0.000000 0.000000
0.009899 0.013735 0.012820
0.025728 0.027523 0.027133
0.032080 0.037878 0.034350
0.047466 0.051556 0.046775
0.059682 0.063453 0.061403
0.072594 0.077310 0.076956
0.085641 0.087447 0.087888
0.098943 0.100592 0.102127
0.109738 0.111378 0.114623
0.119322 0.120110 0.128847
0.130223 0.135764 0.138547
0.140624 0.150427 0.152246
0.154621 0.165611 0.168381
0.164377 0.179212 0.183082
0.173841 0.194402 0.202880
0.189722 0.210063 0.217487
0.199914 0.228293 0.231914
0.211112 0.243259 0.247785
0.225966 0.257296 0.262722
0.238863 0.271295 0.282501
0.246905 0.287576 0.295574
0.263856 0.301072 0.313082
0.278603 0.315186 0.326662
0.292838 0.328164 0.342076
0.312645 0.347071 0.351626
0.327720 0.360534 0.368863
0.343077 0.378176 0.383468
0.362944 0.389561 0.399978
0.380328 0.405326 0.410729
0.397482 0.420788 0.420781
0.412489 0.433484 0.442771
0.429042 0.450392 0.455594
0.446922 0.466330 0.470225
0.465256 0.482337 0.484835
0.477061 0.498063 0.500136
0.493244 0.509421 0.513757
0.505723 0.525996 0.528974
0.517771 0.542248 0.542122
0.529886 0.556435 0.558437
0.544711 0.575157 0.577274
0.559417 0.590651 0.590462
0.572629 0.609037 0.607971
0.587168 0.627461 0.619617
0.600759 0.645490 0.637533
0.620455 0.666612 0.659208
0.636252 0.686481 0.670839
0.653082 0.709908 0.681671
0.671745 0.733405 0.704333
0.694853 0.743629 0.718754
0.714903 0.750861 0.732431
0.734317 0.759193 0.745962
0.748822 0.765775 0.761328
0.763076 0.771004 0.778441
0.778304 0.784571 0.792941
0.784480 0.794292 0.806068
0.797180 0.808385 0.814290
0.814303 0.822445 0.837501
0.823483 0.836964 0.849187
0.840248 0.853868 0.865205
0.851929 0.870037 0.883834
0.863937 0.883637 0.898153
0.879237 0.898114 0.909728
0.897203 0.912031 0.925743
0.909025 0.928075 0.939773
0.923828 0.943053 0.960674
0.935079 0.961252 0.973467
0.951785 0.979261 0.992052
0.961098 0.997470 1.002163
0.978349 1.014629 1.018587
0.995436 1.034631 1.034958
1.016378 1.049125 1.050378
1.028310 1.069938 1.064325
1.050495 1.092020 1.079478
1.068243 1.111992 1.095078
1.091528 1.128020 1.105341
1.109067 1.140556 1.115496
1.122889 1.161906 1.130329
1.140264 1.173405 1.146200
1.152111 1.187999 1.163559
1.155910 1.198796 1.172040
1.176444 1.208577 1.188975
1.189513 1.220261 1.200523
1.203047 1.232796 1.214299
1.217804 1.242603 1.224015
1.239233 1.256111 1.237564
1.253324 1.276969 1.251023
1.269824 1.292220 1.270160
1.279097 1.308831 1.282115
1.303462 1.325296 1.289365
1.315950 1.339629 1.298353
1.333344 1.355670 1.301231
1.348798 1.374656 1.323520
1.364241 1.392233 1.341716
1.378737 1.410276 1.348738
1.405112 1.423029 1.357216
1.422087 1.439793 1.367977
1.427147 1.453969 1.376273
1.438325 1.469175 1.402543
1.450470 1.484337 1.417058
1.460811 1.499895 1.425905
1.482940 1.509565 1.444424
1.495625 1.526521 1.455742
1.512720 1.542578 1.467110
1.531293 1.557225 1.495723
1.544342 1.570695 1.509915
1.561007 1.581796 1.518051
1.578262 1.603773 1.541371
1.589185 1.617915 1.560900
1.606376 1.625289 1.576703
1.626583 1.643078 1.599802
1.647478 1.660006 1.610132
1.668488 1.679420 1.636948
1.683213 1.698996 1.662488
1.710291 1.726715 1.677430
1.719758 1.734971 1.715446
1.745769 1.761832 1.744972
1.764326 1.786971 1.738056
1.785283 1.802584 1.796061
1.816724 1.825481 1.784907
1.849266 1.862779 1.863599
1.889917 1.908835 1.856153
1.946423 1.966961 1.950390
2.044975 2.033195 2.063858
2.163363 2.135107 2.069319
2.223725 2.285926 2.286135
2.223725 2.285926 2.286135
2.223725 2.285926 2.286135